[[[ -1.  -1.  -1. ...  -1.  -1.  -1.]
  [ -1.  -1.  -1. ...  -1.  -1.  -1.]
  [ -1.  -1.  -1. ...  -1.  -1.  -1.]
  ...
  [ -1.  -1.  -1. ...  -1.  -1.  -1.]
  [ -1.  -1.  -1. ...  -1.  -1.  -1.]
  [ -1.  -1.  -1. ...  -1.  -1.  -1.]]

 [[ 14.  -1.  -1. ...  -1.  -1.  -1.]
  [  1. 173. 100. ...  -1.  -1.  -1.]
  [  1. 173.  24. ...  -1.  -1.  -1.]
  ...
  [ -1.  -1.  -1. ...  -1.  -1.  -1.]
  [ -1.  -1.  -1. ...  -1.  -1.  -1.]
  [ -1.  -1.  -1. ...  -1.  -1.  -1.]]

 [[  8.  -1.  -1. ...  -1.  -1.  -1.]
  [  1. 173.  38. ...  -1.  -1.  -1.]
  [  1.  44.  -1. ...  -1.  -1.  -1.]
  ...
  [ -1.  -1.  -1. ...  -1.  -1.  -1.]
  [ -1.  -1.  -1. ...  -1.  -1.  -1.]
  [ -1.  -1.  -1. ...  -1.  -1.  -1.]]

 ...

 [[  3.  -1.  -1. ...  -1.  -1.  -1.]
  [  0. 166.  -1. ...  -1.  -1.  -1.]
  [ -1.  -1.  -1. ...  -1.  -1.  -1.]
  ...
  [ -1.  -1.  -1. ...  -1.  -1.  -1.]
  [ -1.  -1.  -1. ...  -1.  -1.  -1.]
  [ -1.  -1.  -1. ...  -1.  -1.  -1.]]

 [[  7.  -1.  -1. ...  -1.  -1.  -1.]
  [  0. 166. 195. ...  -1.  -1.  -1.]
  [  0. 168.  -1. ...  -1.  -1.  -1.]
  ...
  [ -1.  -1.  -1. ...  -1.  -1.  -1.]
  [ -1.  -1.  -1. ...  -1.  -1.  -1.]
  [ -1.  -1.  -1. ...  -1.  -1.  -1.]]

 [[  6.  -1.  -1. ...  -1.  -1.  -1.]
  [  0. 159. 158. ...  -1.  -1.  -1.]
  [  0. 167.  -1. ...  -1.  -1.  -1.]
  ...
  [ -1.  -1.  -1. ...  -1.  -1.  -1.]
  [ -1.  -1.  -1. ...  -1.  -1.  -1.]
  [ -1.  -1.  -1. ...  -1.  -1.  -1.]]]
[[[ -1.  -1.  -1. ...  -1.  -1.  -1.]
  [ -1.  -1.  -1. ...  -1.  -1.  -1.]
  [ -1.  -1.  -1. ...  -1.  -1.  -1.]
  ...
  [ -1.  -1.  -1. ...  -1.  -1.  -1.]
  [ -1.  -1.  -1. ...  -1.  -1.  -1.]
  [ -1.  -1.  -1. ...  -1.  -1.  -1.]]

 [[ -1.  -1.  -1. ...  -1.  -1.  -1.]
  [ -1.  -1.  -1. ...  -1.  -1.  -1.]
  [ -1.  -1.  -1. ...  -1.  -1.  -1.]
  ...
  [ -1.  -1.  -1. ...  -1.  -1.  -1.]
  [ -1.  -1.  -1. ...  -1.  -1.  -1.]
  [ -1.  -1.  -1. ...  -1.  -1.  -1.]]

 [[ 22.  -1.  -1. ...  -1.  -1.  -1.]
  [ -1.  -1.  -1. ...  -1.  -1.  -1.]
  [ -1.  -1.  -1. ...  -1.  -1.  -1.]
  ...
  [ -1.  -1.  -1. ...  -1.  -1.  -1.]
  [ -1.  -1.  -1. ...  -1.  -1.  -1.]
  [ -1.  -1.  -1. ...  -1.  -1.  -1.]]

 ...

 [[ 34.  -1.  -1. ...  -1.  -1.  -1.]
  [ 19. 100. 173. ... 166.  -1.  -1.]
  [ 19. 100. 173. ...  -1.  -1.  -1.]
  ...
  [ -1.  -1.  -1. ...  -1.  -1.  -1.]
  [ -1.  -1.  -1. ...  -1.  -1.  -1.]
  [ -1.  -1.  -1. ...  -1.  -1.  -1.]]

 [[ 36.  -1.  -1. ...  -1.  -1.  -1.]
  [ 19. 100. 173. ... 166. 195.  -1.]
  [ 19. 100. 173. ... 168.  -1.  -1.]
  ...
  [ -1.  -1.  -1. ...  -1.  -1.  -1.]
  [ -1.  -1.  -1. ...  -1.  -1.  -1.]
  [ -1.  -1.  -1. ...  -1.  -1.  -1.]]

 [[ 35.  -1.  -1. ...  -1.  -1.  -1.]
  [ 19. 100. 173. ... 159. 158.  -1.]
  [ 19. 100. 173. ... 167.  -1.  -1.]
  ...
  [ -1.  -1.  -1. ...  -1.  -1.  -1.]
  [ -1.  -1.  -1. ...  -1.  -1.  -1.]
  [ -1.  -1.  -1. ...  -1.  -1.  -1.]]]
[[[ -1.  -1.  -1. ...  -1.  -1.  -1.]
  [ -1.  -1.  -1. ...  -1.  -1.  -1.]
  [ -1.  -1.  -1. ...  -1.  -1.  -1.]
  ...
  [ -1.  -1.  -1. ...  -1.  -1.  -1.]
  [ -1.  -1.  -1. ...  -1.  -1.  -1.]
  [ -1.  -1.  -1. ...  -1.  -1.  -1.]]

 [[ -1.  -1.  -1. ...  -1.  -1.  -1.]
  [ -1.  -1.  -1. ...  -1.  -1.  -1.]
  [ -1.  -1.  -1. ...  -1.  -1.  -1.]
  ...
  [ -1.  -1.  -1. ...  -1.  -1.  -1.]
  [ -1.  -1.  -1. ...  -1.  -1.  -1.]
  [ -1.  -1.  -1. ...  -1.  -1.  -1.]]

 [[ -1.  -1.  -1. ...  -1.  -1.  -1.]
  [ -1.  -1.  -1. ...  -1.  -1.  -1.]
  [ -1.  -1.  -1. ...  -1.  -1.  -1.]
  ...
  [ -1.  -1.  -1. ...  -1.  -1.  -1.]
  [ -1.  -1.  -1. ...  -1.  -1.  -1.]
  [ -1.  -1.  -1. ...  -1.  -1.  -1.]]

 ...

 [[ 51.  -1.  -1. ...  -1.  -1.  -1.]
  [ 38. 173.   1. ...  -1.  -1.  -1.]
  [ 38. 173.   1. ...  -1.  -1.  -1.]
  ...
  [ -1.  -1.  -1. ...  -1.  -1.  -1.]
  [ -1.  -1.  -1. ...  -1.  -1.  -1.]
  [ -1.  -1.  -1. ...  -1.  -1.  -1.]]

 [[ 53.  -1.  -1. ...  -1.  -1.  -1.]
  [ 38. 173.   1. ... 195.  -1.  -1.]
  [ 38. 173.   1. ...  -1.  -1.  -1.]
  ...
  [ -1.  -1.  -1. ...  -1.  -1.  -1.]
  [ -1.  -1.  -1. ...  -1.  -1.  -1.]
  [ -1.  -1.  -1. ...  -1.  -1.  -1.]]

 [[ 52.  -1.  -1. ...  -1.  -1.  -1.]
  [ 38. 173.   1. ... 158.  -1.  -1.]
  [ 38. 173.   1. ...  -1.  -1.  -1.]
  ...
  [ -1.  -1.  -1. ...  -1.  -1.  -1.]
  [ -1.  -1.  -1. ...  -1.  -1.  -1.]
  [ -1.  -1.  -1. ...  -1.  -1.  -1.]]]
[[[ -1.  -1.  -1. ...  -1.  -1.  -1.]
  [ -1.  -1.  -1. ...  -1.  -1.  -1.]
  [ -1.  -1.  -1. ...  -1.  -1.  -1.]
  ...
  [ -1.  -1.  -1. ...  -1.  -1.  -1.]
  [ -1.  -1.  -1. ...  -1.  -1.  -1.]
  [ -1.  -1.  -1. ...  -1.  -1.  -1.]]

 [[ 57.  -1.  -1. ...  -1.  -1.  -1.]
  [ 37.  22.  -1. ...  -1.  -1.  -1.]
  [ -1.  -1.  -1. ...  -1.  -1.  -1.]
  ...
  [ -1.  -1.  -1. ...  -1.  -1.  -1.]
  [ -1.  -1.  -1. ...  -1.  -1.  -1.]
  [ -1.  -1.  -1. ...  -1.  -1.  -1.]]

 [[ -1.  -1.  -1. ...  -1.  -1.  -1.]
  [ -1.  -1.  -1. ...  -1.  -1.  -1.]
  [ -1.  -1.  -1. ...  -1.  -1.  -1.]
  ...
  [ -1.  -1.  -1. ...  -1.  -1.  -1.]
  [ -1.  -1.  -1. ...  -1.  -1.  -1.]
  [ -1.  -1.  -1. ...  -1.  -1.  -1.]]

 ...

 [[ 68.  -1.  -1. ...  -1.  -1.  -1.]
  [ 55. 100. 173. ... 166.  -1.  -1.]
  [ 55. 100. 173. ...  -1.  -1.  -1.]
  ...
  [ -1.  -1.  -1. ...  -1.  -1.  -1.]
  [ -1.  -1.  -1. ...  -1.  -1.  -1.]
  [ -1.  -1.  -1. ...  -1.  -1.  -1.]]

 [[ 70.  -1.  -1. ...  -1.  -1.  -1.]
  [ 55. 100. 173. ... 166. 195.  -1.]
  [ 55. 100. 173. ... 168.  -1.  -1.]
  ...
  [ -1.  -1.  -1. ...  -1.  -1.  -1.]
  [ -1.  -1.  -1. ...  -1.  -1.  -1.]
  [ -1.  -1.  -1. ...  -1.  -1.  -1.]]

 [[ 69.  -1.  -1. ...  -1.  -1.  -1.]
  [ 55. 100. 173. ... 159. 158.  -1.]
  [ 55. 100. 173. ... 167.  -1.  -1.]
  ...
  [ -1.  -1.  -1. ...  -1.  -1.  -1.]
  [ -1.  -1.  -1. ...  -1.  -1.  -1.]
  [ -1.  -1.  -1. ...  -1.  -1.  -1.]]]
[[[ -1.  -1.  -1. ...  -1.  -1.  -1.]
  [ -1.  -1.  -1. ...  -1.  -1.  -1.]
  [ -1.  -1.  -1. ...  -1.  -1.  -1.]
  ...
  [ -1.  -1.  -1. ...  -1.  -1.  -1.]
  [ -1.  -1.  -1. ...  -1.  -1.  -1.]
  [ -1.  -1.  -1. ...  -1.  -1.  -1.]]

 [[ -1.  -1.  -1. ...  -1.  -1.  -1.]
  [ -1.  -1.  -1. ...  -1.  -1.  -1.]
  [ -1.  -1.  -1. ...  -1.  -1.  -1.]
  ...
  [ -1.  -1.  -1. ...  -1.  -1.  -1.]
  [ -1.  -1.  -1. ...  -1.  -1.  -1.]
  [ -1.  -1.  -1. ...  -1.  -1.  -1.]]

 [[ -1.  -1.  -1. ...  -1.  -1.  -1.]
  [ -1.  -1.  -1. ...  -1.  -1.  -1.]
  [ -1.  -1.  -1. ...  -1.  -1.  -1.]
  ...
  [ -1.  -1.  -1. ...  -1.  -1.  -1.]
  [ -1.  -1.  -1. ...  -1.  -1.  -1.]
  [ -1.  -1.  -1. ...  -1.  -1.  -1.]]

 ...

 [[ 83.  -1.  -1. ...  -1.  -1.  -1.]
  [ 71. 137. 173. ... 166.  -1.  -1.]
  [ 71. 137. 173. ...  -1.  -1.  -1.]
  ...
  [ -1.  -1.  -1. ...  -1.  -1.  -1.]
  [ -1.  -1.  -1. ...  -1.  -1.  -1.]
  [ -1.  -1.  -1. ...  -1.  -1.  -1.]]

 [[ 85.  -1.  -1. ...  -1.  -1.  -1.]
  [ 71. 137. 173. ... 166. 195.  -1.]
  [ 71. 137. 173. ... 168.  -1.  -1.]
  ...
  [ -1.  -1.  -1. ...  -1.  -1.  -1.]
  [ -1.  -1.  -1. ...  -1.  -1.  -1.]
  [ -1.  -1.  -1. ...  -1.  -1.  -1.]]

 [[ 84.  -1.  -1. ...  -1.  -1.  -1.]
  [ 71. 137. 173. ... 159. 158.  -1.]
  [ 71. 137. 173. ... 167.  -1.  -1.]
  ...
  [ -1.  -1.  -1. ...  -1.  -1.  -1.]
  [ -1.  -1.  -1. ...  -1.  -1.  -1.]
  [ -1.  -1.  -1. ...  -1.  -1.  -1.]]]
[[[ -1.  -1.  -1. ...  -1.  -1.  -1.]
  [ -1.  -1.  -1. ...  -1.  -1.  -1.]
  [ -1.  -1.  -1. ...  -1.  -1.  -1.]
  ...
  [ -1.  -1.  -1. ...  -1.  -1.  -1.]
  [ -1.  -1.  -1. ...  -1.  -1.  -1.]
  [ -1.  -1.  -1. ...  -1.  -1.  -1.]]

 [[ -1.  -1.  -1. ...  -1.  -1.  -1.]
  [ -1.  -1.  -1. ...  -1.  -1.  -1.]
  [ -1.  -1.  -1. ...  -1.  -1.  -1.]
  ...
  [ -1.  -1.  -1. ...  -1.  -1.  -1.]
  [ -1.  -1.  -1. ...  -1.  -1.  -1.]
  [ -1.  -1.  -1. ...  -1.  -1.  -1.]]

 [[ -1.  -1.  -1. ...  -1.  -1.  -1.]
  [ -1.  -1.  -1. ...  -1.  -1.  -1.]
  [ -1.  -1.  -1. ...  -1.  -1.  -1.]
  ...
  [ -1.  -1.  -1. ...  -1.  -1.  -1.]
  [ -1.  -1.  -1. ...  -1.  -1.  -1.]
  [ -1.  -1.  -1. ...  -1.  -1.  -1.]]

 ...

 [[ 97.  -1.  -1. ...  -1.  -1.  -1.]
  [ 86. 173.   1. ...  -1.  -1.  -1.]
  [ 86. 173.   1. ...  -1.  -1.  -1.]
  ...
  [ -1.  -1.  -1. ...  -1.  -1.  -1.]
  [ -1.  -1.  -1. ...  -1.  -1.  -1.]
  [ -1.  -1.  -1. ...  -1.  -1.  -1.]]

 [[ 99.  -1.  -1. ...  -1.  -1.  -1.]
  [ 86. 173.   1. ... 195.  -1.  -1.]
  [ 86. 173.   1. ...  -1.  -1.  -1.]
  ...
  [ -1.  -1.  -1. ...  -1.  -1.  -1.]
  [ -1.  -1.  -1. ...  -1.  -1.  -1.]
  [ -1.  -1.  -1. ...  -1.  -1.  -1.]]

 [[ 98.  -1.  -1. ...  -1.  -1.  -1.]
  [ 86. 173.   1. ... 158.  -1.  -1.]
  [ 86. 173.   1. ...  -1.  -1.  -1.]
  ...
  [ -1.  -1.  -1. ...  -1.  -1.  -1.]
  [ -1.  -1.  -1. ...  -1.  -1.  -1.]
  [ -1.  -1.  -1. ...  -1.  -1.  -1.]]]
[[[ -1.  -1.  -1. ...  -1.  -1.  -1.]
  [ -1.  -1.  -1. ...  -1.  -1.  -1.]
  [ -1.  -1.  -1. ...  -1.  -1.  -1.]
  ...
  [ -1.  -1.  -1. ...  -1.  -1.  -1.]
  [ -1.  -1.  -1. ...  -1.  -1.  -1.]
  [ -1.  -1.  -1. ...  -1.  -1.  -1.]]

 [[ -1.  -1.  -1. ...  -1.  -1.  -1.]
  [ -1.  -1.  -1. ...  -1.  -1.  -1.]
  [ -1.  -1.  -1. ...  -1.  -1.  -1.]
  ...
  [ -1.  -1.  -1. ...  -1.  -1.  -1.]
  [ -1.  -1.  -1. ...  -1.  -1.  -1.]
  [ -1.  -1.  -1. ...  -1.  -1.  -1.]]

 [[ -1.  -1.  -1. ...  -1.  -1.  -1.]
  [ -1.  -1.  -1. ...  -1.  -1.  -1.]
  [ -1.  -1.  -1. ...  -1.  -1.  -1.]
  ...
  [ -1.  -1.  -1. ...  -1.  -1.  -1.]
  [ -1.  -1.  -1. ...  -1.  -1.  -1.]
  [ -1.  -1.  -1. ...  -1.  -1.  -1.]]

 ...

 [[110.  -1.  -1. ...  -1.  -1.  -1.]
  [100. 173.   1. ...  -1.  -1.  -1.]
  [100. 173.   1. ...  -1.  -1.  -1.]
  ...
  [ -1.  -1.  -1. ...  -1.  -1.  -1.]
  [ -1.  -1.  -1. ...  -1.  -1.  -1.]
  [ -1.  -1.  -1. ...  -1.  -1.  -1.]]

 [[112.  -1.  -1. ...  -1.  -1.  -1.]
  [100. 173.   1. ... 195.  -1.  -1.]
  [100. 173.   1. ...  -1.  -1.  -1.]
  ...
  [ -1.  -1.  -1. ...  -1.  -1.  -1.]
  [ -1.  -1.  -1. ...  -1.  -1.  -1.]
  [ -1.  -1.  -1. ...  -1.  -1.  -1.]]

 [[111.  -1.  -1. ...  -1.  -1.  -1.]
  [100. 173.   1. ... 158.  -1.  -1.]
  [100. 173.   1. ...  -1.  -1.  -1.]
  ...
  [ -1.  -1.  -1. ...  -1.  -1.  -1.]
  [ -1.  -1.  -1. ...  -1.  -1.  -1.]
  [ -1.  -1.  -1. ...  -1.  -1.  -1.]]]
[[[ -1.  -1.  -1. ...  -1.  -1.  -1.]
  [ -1.  -1.  -1. ...  -1.  -1.  -1.]
  [ -1.  -1.  -1. ...  -1.  -1.  -1.]
  ...
  [ -1.  -1.  -1. ...  -1.  -1.  -1.]
  [ -1.  -1.  -1. ...  -1.  -1.  -1.]
  [ -1.  -1.  -1. ...  -1.  -1.  -1.]]

 [[ -1.  -1.  -1. ...  -1.  -1.  -1.]
  [ -1.  -1.  -1. ...  -1.  -1.  -1.]
  [ -1.  -1.  -1. ...  -1.  -1.  -1.]
  ...
  [ -1.  -1.  -1. ...  -1.  -1.  -1.]
  [ -1.  -1.  -1. ...  -1.  -1.  -1.]
  [ -1.  -1.  -1. ...  -1.  -1.  -1.]]

 [[ -1.  -1.  -1. ...  -1.  -1.  -1.]
  [ -1.  -1.  -1. ...  -1.  -1.  -1.]
  [ -1.  -1.  -1. ...  -1.  -1.  -1.]
  ...
  [ -1.  -1.  -1. ...  -1.  -1.  -1.]
  [ -1.  -1.  -1. ...  -1.  -1.  -1.]
  [ -1.  -1.  -1. ...  -1.  -1.  -1.]]

 ...

 [[122.  -1.  -1. ...  -1.  -1.  -1.]
  [113. 173.   1. ...  -1.  -1.  -1.]
  [113. 173.   1. ...  -1.  -1.  -1.]
  ...
  [ -1.  -1.  -1. ...  -1.  -1.  -1.]
  [ -1.  -1.  -1. ...  -1.  -1.  -1.]
  [ -1.  -1.  -1. ...  -1.  -1.  -1.]]

 [[124.  -1.  -1. ...  -1.  -1.  -1.]
  [113. 173.   1. ... 195.  -1.  -1.]
  [113. 173.   1. ...  -1.  -1.  -1.]
  ...
  [ -1.  -1.  -1. ...  -1.  -1.  -1.]
  [ -1.  -1.  -1. ...  -1.  -1.  -1.]
  [ -1.  -1.  -1. ...  -1.  -1.  -1.]]

 [[123.  -1.  -1. ...  -1.  -1.  -1.]
  [113. 173.   1. ... 158.  -1.  -1.]
  [113. 173.   1. ...  -1.  -1.  -1.]
  ...
  [ -1.  -1.  -1. ...  -1.  -1.  -1.]
  [ -1.  -1.  -1. ...  -1.  -1.  -1.]
  [ -1.  -1.  -1. ...  -1.  -1.  -1.]]]
[[[ -1.  -1.  -1. ...  -1.  -1.  -1.]
  [ -1.  -1.  -1. ...  -1.  -1.  -1.]
  [ -1.  -1.  -1. ...  -1.  -1.  -1.]
  ...
  [ -1.  -1.  -1. ...  -1.  -1.  -1.]
  [ -1.  -1.  -1. ...  -1.  -1.  -1.]
  [ -1.  -1.  -1. ...  -1.  -1.  -1.]]

 [[125.  -1.  -1. ...  -1.  -1.  -1.]
  [ 54.  37.  22. ...  -1.  -1.  -1.]
  [ 54.  57.  -1. ...  -1.  -1.  -1.]
  ...
  [ -1.  -1.  -1. ...  -1.  -1.  -1.]
  [ -1.  -1.  -1. ...  -1.  -1.  -1.]
  [ -1.  -1.  -1. ...  -1.  -1.  -1.]]

 [[ -1.  -1.  -1. ...  -1.  -1.  -1.]
  [ -1.  -1.  -1. ...  -1.  -1.  -1.]
  [ -1.  -1.  -1. ...  -1.  -1.  -1.]
  ...
  [ -1.  -1.  -1. ...  -1.  -1.  -1.]
  [ -1.  -1.  -1. ...  -1.  -1.  -1.]
  [ -1.  -1.  -1. ...  -1.  -1.  -1.]]

 ...

 [[134.  -1.  -1. ...  -1.  -1.  -1.]
  [ 54.  55. 100. ...   0. 166.  -1.]
  [ 54.  55. 100. ...   3.  -1.  -1.]
  ...
  [ -1.  -1.  -1. ...  -1.  -1.  -1.]
  [ -1.  -1.  -1. ...  -1.  -1.  -1.]
  [ -1.  -1.  -1. ...  -1.  -1.  -1.]]

 [[136.  -1.  -1. ...  -1.  -1.  -1.]
  [ 54.  55. 100. ...   0. 166. 195.]
  [ 54.  55. 100. ...   0. 168.  -1.]
  ...
  [132. 166. 195. ...  -1.  -1.  -1.]
  [132. 168.  -1. ...  -1.  -1.  -1.]
  [134. 195.  -1. ...  -1.  -1.  -1.]]

 [[135.  -1.  -1. ...  -1.  -1.  -1.]
  [ 54.  55. 100. ...   0. 159. 158.]
  [ 54.  55. 100. ...   0. 167.  -1.]
  ...
  [132. 159. 158. ...  -1.  -1.  -1.]
  [132. 167.  -1. ...  -1.  -1.  -1.]
  [133. 158.  -1. ...  -1.  -1.  -1.]]]
[[[ -1.  -1.  -1. ...  -1.  -1.  -1.]
  [ -1.  -1.  -1. ...  -1.  -1.  -1.]
  [ -1.  -1.  -1. ...  -1.  -1.  -1.]
  ...
  [ -1.  -1.  -1. ...  -1.  -1.  -1.]
  [ -1.  -1.  -1. ...  -1.  -1.  -1.]
  [ -1.  -1.  -1. ...  -1.  -1.  -1.]]

 [[ -1.  -1.  -1. ...  -1.  -1.  -1.]
  [ -1.  -1.  -1. ...  -1.  -1.  -1.]
  [ -1.  -1.  -1. ...  -1.  -1.  -1.]
  ...
  [ -1.  -1.  -1. ...  -1.  -1.  -1.]
  [ -1.  -1.  -1. ...  -1.  -1.  -1.]
  [ -1.  -1.  -1. ...  -1.  -1.  -1.]]

 [[ -1.  -1.  -1. ...  -1.  -1.  -1.]
  [ -1.  -1.  -1. ...  -1.  -1.  -1.]
  [ -1.  -1.  -1. ...  -1.  -1.  -1.]
  ...
  [ -1.  -1.  -1. ...  -1.  -1.  -1.]
  [ -1.  -1.  -1. ...  -1.  -1.  -1.]
  [ -1.  -1.  -1. ...  -1.  -1.  -1.]]

 ...

 [[144.  -1.  -1. ...  -1.  -1.  -1.]
  [137. 173.   1. ...  -1.  -1.  -1.]
  [137. 173.   1. ...  -1.  -1.  -1.]
  ...
  [ -1.  -1.  -1. ...  -1.  -1.  -1.]
  [ -1.  -1.  -1. ...  -1.  -1.  -1.]
  [ -1.  -1.  -1. ...  -1.  -1.  -1.]]

 [[146.  -1.  -1. ...  -1.  -1.  -1.]
  [137. 173.   1. ... 195.  -1.  -1.]
  [137. 173.   1. ...  -1.  -1.  -1.]
  ...
  [ -1.  -1.  -1. ...  -1.  -1.  -1.]
  [ -1.  -1.  -1. ...  -1.  -1.  -1.]
  [ -1.  -1.  -1. ...  -1.  -1.  -1.]]

 [[145.  -1.  -1. ...  -1.  -1.  -1.]
  [137. 173.   1. ... 158.  -1.  -1.]
  [137. 173.   1. ...  -1.  -1.  -1.]
  ...
  [ -1.  -1.  -1. ...  -1.  -1.  -1.]
  [ -1.  -1.  -1. ...  -1.  -1.  -1.]
  [ -1.  -1.  -1. ...  -1.  -1.  -1.]]]
[[[ -1.  -1.  -1. ...  -1.  -1.  -1.]
  [ -1.  -1.  -1. ...  -1.  -1.  -1.]
  [ -1.  -1.  -1. ...  -1.  -1.  -1.]
  ...
  [ -1.  -1.  -1. ...  -1.  -1.  -1.]
  [ -1.  -1.  -1. ...  -1.  -1.  -1.]
  [ -1.  -1.  -1. ...  -1.  -1.  -1.]]

 [[ -1.  -1.  -1. ...  -1.  -1.  -1.]
  [ -1.  -1.  -1. ...  -1.  -1.  -1.]
  [ -1.  -1.  -1. ...  -1.  -1.  -1.]
  ...
  [ -1.  -1.  -1. ...  -1.  -1.  -1.]
  [ -1.  -1.  -1. ...  -1.  -1.  -1.]
  [ -1.  -1.  -1. ...  -1.  -1.  -1.]]

 [[ -1.  -1.  -1. ...  -1.  -1.  -1.]
  [ -1.  -1.  -1. ...  -1.  -1.  -1.]
  [ -1.  -1.  -1. ...  -1.  -1.  -1.]
  ...
  [ -1.  -1.  -1. ...  -1.  -1.  -1.]
  [ -1.  -1.  -1. ...  -1.  -1.  -1.]
  [ -1.  -1.  -1. ...  -1.  -1.  -1.]]

 ...

 [[155.  -1.  -1. ...  -1.  -1.  -1.]
  [ 21.  19. 100. ...   0. 166.  -1.]
  [ 21.  19. 100. ...   3.  -1.  -1.]
  ...
  [ -1.  -1.  -1. ...  -1.  -1.  -1.]
  [ -1.  -1.  -1. ...  -1.  -1.  -1.]
  [ -1.  -1.  -1. ...  -1.  -1.  -1.]]

 [[157.  -1.  -1. ...  -1.  -1.  -1.]
  [ 21.  19. 100. ...   0. 166. 195.]
  [ 21.  19. 100. ...   0. 168.  -1.]
  ...
  [153. 166. 195. ...  -1.  -1.  -1.]
  [153. 168.  -1. ...  -1.  -1.  -1.]
  [155. 195.  -1. ...  -1.  -1.  -1.]]

 [[156.  -1.  -1. ...  -1.  -1.  -1.]
  [ 21.  19. 100. ...   0. 159. 158.]
  [ 21.  19. 100. ...   0. 167.  -1.]
  ...
  [153. 159. 158. ...  -1.  -1.  -1.]
  [153. 167.  -1. ...  -1.  -1.  -1.]
  [154. 158.  -1. ...  -1.  -1.  -1.]]]
[[[ -1.  -1.  -1. ...  -1.  -1.  -1.]
  [ -1.  -1.  -1. ...  -1.  -1.  -1.]
  [ -1.  -1.  -1. ...  -1.  -1.  -1.]
  ...
  [ -1.  -1.  -1. ...  -1.  -1.  -1.]
  [ -1.  -1.  -1. ...  -1.  -1.  -1.]
  [ -1.  -1.  -1. ...  -1.  -1.  -1.]]

 [[ -1.  -1.  -1. ...  -1.  -1.  -1.]
  [ -1.  -1.  -1. ...  -1.  -1.  -1.]
  [ -1.  -1.  -1. ...  -1.  -1.  -1.]
  ...
  [ -1.  -1.  -1. ...  -1.  -1.  -1.]
  [ -1.  -1.  -1. ...  -1.  -1.  -1.]
  [ -1.  -1.  -1. ...  -1.  -1.  -1.]]

 [[ -1.  -1.  -1. ...  -1.  -1.  -1.]
  [ -1.  -1.  -1. ...  -1.  -1.  -1.]
  [ -1.  -1.  -1. ...  -1.  -1.  -1.]
  ...
  [ -1.  -1.  -1. ...  -1.  -1.  -1.]
  [ -1.  -1.  -1. ...  -1.  -1.  -1.]
  [ -1.  -1.  -1. ...  -1.  -1.  -1.]]

 ...

 [[160.  -1.  -1. ...  -1.  -1.  -1.]
  [159. 166.  -1. ...  -1.  -1.  -1.]
  [ -1.  -1.  -1. ...  -1.  -1.  -1.]
  ...
  [ -1.  -1.  -1. ...  -1.  -1.  -1.]
  [ -1.  -1.  -1. ...  -1.  -1.  -1.]
  [ -1.  -1.  -1. ...  -1.  -1.  -1.]]

 [[161.  -1.  -1. ...  -1.  -1.  -1.]
  [159. 166. 195. ...  -1.  -1.  -1.]
  [159. 168.  -1. ...  -1.  -1.  -1.]
  ...
  [ -1.  -1.  -1. ...  -1.  -1.  -1.]
  [ -1.  -1.  -1. ...  -1.  -1.  -1.]
  [ -1.  -1.  -1. ...  -1.  -1.  -1.]]

 [[158.  -1.  -1. ...  -1.  -1.  -1.]
  [ -1.  -1.  -1. ...  -1.  -1.  -1.]
  [ -1.  -1.  -1. ...  -1.  -1.  -1.]
  ...
  [ -1.  -1.  -1. ...  -1.  -1.  -1.]
  [ -1.  -1.  -1. ...  -1.  -1.  -1.]
  [ -1.  -1.  -1. ...  -1.  -1.  -1.]]]
[[[ -1.  -1.  -1. ...  -1.  -1.  -1.]
  [ -1.  -1.  -1. ...  -1.  -1.  -1.]
  [ -1.  -1.  -1. ...  -1.  -1.  -1.]
  ...
  [ -1.  -1.  -1. ...  -1.  -1.  -1.]
  [ -1.  -1.  -1. ...  -1.  -1.  -1.]
  [ -1.  -1.  -1. ...  -1.  -1.  -1.]]

 [[ -1.  -1.  -1. ...  -1.  -1.  -1.]
  [ -1.  -1.  -1. ...  -1.  -1.  -1.]
  [ -1.  -1.  -1. ...  -1.  -1.  -1.]
  ...
  [ -1.  -1.  -1. ...  -1.  -1.  -1.]
  [ -1.  -1.  -1. ...  -1.  -1.  -1.]
  [ -1.  -1.  -1. ...  -1.  -1.  -1.]]

 [[ -1.  -1.  -1. ...  -1.  -1.  -1.]
  [ -1.  -1.  -1. ...  -1.  -1.  -1.]
  [ -1.  -1.  -1. ...  -1.  -1.  -1.]
  ...
  [ -1.  -1.  -1. ...  -1.  -1.  -1.]
  [ -1.  -1.  -1. ...  -1.  -1.  -1.]
  [ -1.  -1.  -1. ...  -1.  -1.  -1.]]

 ...

 [[166.  -1.  -1. ...  -1.  -1.  -1.]
  [ -1.  -1.  -1. ...  -1.  -1.  -1.]
  [ -1.  -1.  -1. ...  -1.  -1.  -1.]
  ...
  [ -1.  -1.  -1. ...  -1.  -1.  -1.]
  [ -1.  -1.  -1. ...  -1.  -1.  -1.]
  [ -1.  -1.  -1. ...  -1.  -1.  -1.]]

 [[168.  -1.  -1. ...  -1.  -1.  -1.]
  [166. 195.  -1. ...  -1.  -1.  -1.]
  [ -1.  -1.  -1. ...  -1.  -1.  -1.]
  ...
  [ -1.  -1.  -1. ...  -1.  -1.  -1.]
  [ -1.  -1.  -1. ...  -1.  -1.  -1.]
  [ -1.  -1.  -1. ...  -1.  -1.  -1.]]

 [[167.  -1.  -1. ...  -1.  -1.  -1.]
  [159. 158.  -1. ...  -1.  -1.  -1.]
  [ -1.  -1.  -1. ...  -1.  -1.  -1.]
  ...
  [ -1.  -1.  -1. ...  -1.  -1.  -1.]
  [ -1.  -1.  -1. ...  -1.  -1.  -1.]
  [ -1.  -1.  -1. ...  -1.  -1.  -1.]]]
[[[ -1.  -1.  -1. ...  -1.  -1.  -1.]
  [ -1.  -1.  -1. ...  -1.  -1.  -1.]
  [ -1.  -1.  -1. ...  -1.  -1.  -1.]
  ...
  [ -1.  -1.  -1. ...  -1.  -1.  -1.]
  [ -1.  -1.  -1. ...  -1.  -1.  -1.]
  [ -1.  -1.  -1. ...  -1.  -1.  -1.]]

 [[ -1.  -1.  -1. ...  -1.  -1.  -1.]
  [ -1.  -1.  -1. ...  -1.  -1.  -1.]
  [ -1.  -1.  -1. ...  -1.  -1.  -1.]
  ...
  [ -1.  -1.  -1. ...  -1.  -1.  -1.]
  [ -1.  -1.  -1. ...  -1.  -1.  -1.]
  [ -1.  -1.  -1. ...  -1.  -1.  -1.]]

 [[ -1.  -1.  -1. ...  -1.  -1.  -1.]
  [ -1.  -1.  -1. ...  -1.  -1.  -1.]
  [ -1.  -1.  -1. ...  -1.  -1.  -1.]
  ...
  [ -1.  -1.  -1. ...  -1.  -1.  -1.]
  [ -1.  -1.  -1. ...  -1.  -1.  -1.]
  [ -1.  -1.  -1. ...  -1.  -1.  -1.]]

 ...

 [[175.  -1.  -1. ...  -1.  -1.  -1.]
  [  1.   0. 166. ...  -1.  -1.  -1.]
  [  1.   3.  -1. ...  -1.  -1.  -1.]
  ...
  [ -1.  -1.  -1. ...  -1.  -1.  -1.]
  [ -1.  -1.  -1. ...  -1.  -1.  -1.]
  [ -1.  -1.  -1. ...  -1.  -1.  -1.]]

 [[177.  -1.  -1. ...  -1.  -1.  -1.]
  [  1.   0. 166. ...  -1.  -1.  -1.]
  [  1.   0. 168. ...  -1.  -1.  -1.]
  ...
  [ -1.  -1.  -1. ...  -1.  -1.  -1.]
  [ -1.  -1.  -1. ...  -1.  -1.  -1.]
  [ -1.  -1.  -1. ...  -1.  -1.  -1.]]

 [[176.  -1.  -1. ...  -1.  -1.  -1.]
  [  1.   0. 159. ...  -1.  -1.  -1.]
  [  1.   0. 167. ...  -1.  -1.  -1.]
  ...
  [ -1.  -1.  -1. ...  -1.  -1.  -1.]
  [ -1.  -1.  -1. ...  -1.  -1.  -1.]
  [ -1.  -1.  -1. ...  -1.  -1.  -1.]]]
[[[ -1.  -1.  -1. ...  -1.  -1.  -1.]
  [ -1.  -1.  -1. ...  -1.  -1.  -1.]
  [ -1.  -1.  -1. ...  -1.  -1.  -1.]
  ...
  [ -1.  -1.  -1. ...  -1.  -1.  -1.]
  [ -1.  -1.  -1. ...  -1.  -1.  -1.]
  [ -1.  -1.  -1. ...  -1.  -1.  -1.]]

 [[ -1.  -1.  -1. ...  -1.  -1.  -1.]
  [ -1.  -1.  -1. ...  -1.  -1.  -1.]
  [ -1.  -1.  -1. ...  -1.  -1.  -1.]
  ...
  [ -1.  -1.  -1. ...  -1.  -1.  -1.]
  [ -1.  -1.  -1. ...  -1.  -1.  -1.]
  [ -1.  -1.  -1. ...  -1.  -1.  -1.]]

 [[ -1.  -1.  -1. ...  -1.  -1.  -1.]
  [ -1.  -1.  -1. ...  -1.  -1.  -1.]
  [ -1.  -1.  -1. ...  -1.  -1.  -1.]
  ...
  [ -1.  -1.  -1. ...  -1.  -1.  -1.]
  [ -1.  -1.  -1. ...  -1.  -1.  -1.]
  [ -1.  -1.  -1. ...  -1.  -1.  -1.]]

 ...

 [[181.  -1.  -1. ...  -1.  -1.  -1.]
  [174.   1.   0. ...  -1.  -1.  -1.]
  [174.   1.   3. ...  -1.  -1.  -1.]
  ...
  [ -1.  -1.  -1. ...  -1.  -1.  -1.]
  [ -1.  -1.  -1. ...  -1.  -1.  -1.]
  [ -1.  -1.  -1. ...  -1.  -1.  -1.]]

 [[183.  -1.  -1. ...  -1.  -1.  -1.]
  [174.   1.   0. ...  -1.  -1.  -1.]
  [174.   1.   0. ...  -1.  -1.  -1.]
  ...
  [ -1.  -1.  -1. ...  -1.  -1.  -1.]
  [ -1.  -1.  -1. ...  -1.  -1.  -1.]
  [ -1.  -1.  -1. ...  -1.  -1.  -1.]]

 [[182.  -1.  -1. ...  -1.  -1.  -1.]
  [174.   1.   0. ...  -1.  -1.  -1.]
  [174.   1.   0. ...  -1.  -1.  -1.]
  ...
  [ -1.  -1.  -1. ...  -1.  -1.  -1.]
  [ -1.  -1.  -1. ...  -1.  -1.  -1.]
  [ -1.  -1.  -1. ...  -1.  -1.  -1.]]]
[[[186.  -1.  -1. ...  -1.  -1.  -1.]
  [179. 174.   1. ...  -1.  -1.  -1.]
  [179.   5.  -1. ...  -1.  -1.  -1.]
  ...
  [ -1.  -1.  -1. ...  -1.  -1.  -1.]
  [ -1.  -1.  -1. ...  -1.  -1.  -1.]
  [ -1.  -1.  -1. ...  -1.  -1.  -1.]]

 [[ -1.  -1.  -1. ...  -1.  -1.  -1.]
  [ -1.  -1.  -1. ...  -1.  -1.  -1.]
  [ -1.  -1.  -1. ...  -1.  -1.  -1.]
  ...
  [ -1.  -1.  -1. ...  -1.  -1.  -1.]
  [ -1.  -1.  -1. ...  -1.  -1.  -1.]
  [ -1.  -1.  -1. ...  -1.  -1.  -1.]]

 [[ -1.  -1.  -1. ...  -1.  -1.  -1.]
  [ -1.  -1.  -1. ...  -1.  -1.  -1.]
  [ -1.  -1.  -1. ...  -1.  -1.  -1.]
  ...
  [ -1.  -1.  -1. ...  -1.  -1.  -1.]
  [ -1.  -1.  -1. ...  -1.  -1.  -1.]
  [ -1.  -1.  -1. ...  -1.  -1.  -1.]]

 ...

 [[189.  -1.  -1. ...  -1.  -1.  -1.]
  [179. 174.   1. ...  -1.  -1.  -1.]
  [179. 174.   1. ...  -1.  -1.  -1.]
  ...
  [ -1.  -1.  -1. ...  -1.  -1.  -1.]
  [ -1.  -1.  -1. ...  -1.  -1.  -1.]
  [ -1.  -1.  -1. ...  -1.  -1.  -1.]]

 [[191.  -1.  -1. ...  -1.  -1.  -1.]
  [179. 174.   1. ... 195.  -1.  -1.]
  [179. 174.   1. ...  -1.  -1.  -1.]
  ...
  [ -1.  -1.  -1. ...  -1.  -1.  -1.]
  [ -1.  -1.  -1. ...  -1.  -1.  -1.]
  [ -1.  -1.  -1. ...  -1.  -1.  -1.]]

 [[190.  -1.  -1. ...  -1.  -1.  -1.]
  [179. 174.   1. ... 158.  -1.  -1.]
  [179. 174.   1. ...  -1.  -1.  -1.]
  ...
  [ -1.  -1.  -1. ...  -1.  -1.  -1.]
  [ -1.  -1.  -1. ...  -1.  -1.  -1.]
  [ -1.  -1.  -1. ...  -1.  -1.  -1.]]]
[[[ -1.  -1.  -1. ...  -1.  -1.  -1.]
  [ -1.  -1.  -1. ...  -1.  -1.  -1.]
  [ -1.  -1.  -1. ...  -1.  -1.  -1.]
  ...
  [ -1.  -1.  -1. ...  -1.  -1.  -1.]
  [ -1.  -1.  -1. ...  -1.  -1.  -1.]
  [ -1.  -1.  -1. ...  -1.  -1.  -1.]]

 [[ -1.  -1.  -1. ...  -1.  -1.  -1.]
  [ -1.  -1.  -1. ...  -1.  -1.  -1.]
  [ -1.  -1.  -1. ...  -1.  -1.  -1.]
  ...
  [ -1.  -1.  -1. ...  -1.  -1.  -1.]
  [ -1.  -1.  -1. ...  -1.  -1.  -1.]
  [ -1.  -1.  -1. ...  -1.  -1.  -1.]]

 [[ -1.  -1.  -1. ...  -1.  -1.  -1.]
  [ -1.  -1.  -1. ...  -1.  -1.  -1.]
  [ -1.  -1.  -1. ...  -1.  -1.  -1.]
  ...
  [ -1.  -1.  -1. ...  -1.  -1.  -1.]
  [ -1.  -1.  -1. ...  -1.  -1.  -1.]
  [ -1.  -1.  -1. ...  -1.  -1.  -1.]]

 ...

 [[192.  -1.  -1. ...  -1.  -1.  -1.]
  [173.   1.   0. ...  -1.  -1.  -1.]
  [173.   1.   3. ...  -1.  -1.  -1.]
  ...
  [ -1.  -1.  -1. ...  -1.  -1.  -1.]
  [ -1.  -1.  -1. ...  -1.  -1.  -1.]
  [ -1.  -1.  -1. ...  -1.  -1.  -1.]]

 [[194.  -1.  -1. ...  -1.  -1.  -1.]
  [173.   1.   0. ...  -1.  -1.  -1.]
  [173.   1.   0. ...  -1.  -1.  -1.]
  ...
  [ -1.  -1.  -1. ...  -1.  -1.  -1.]
  [ -1.  -1.  -1. ...  -1.  -1.  -1.]
  [ -1.  -1.  -1. ...  -1.  -1.  -1.]]

 [[193.  -1.  -1. ...  -1.  -1.  -1.]
  [173.   1.   0. ...  -1.  -1.  -1.]
  [173.   1.   0. ...  -1.  -1.  -1.]
  ...
  [ -1.  -1.  -1. ...  -1.  -1.  -1.]
  [ -1.  -1.  -1. ...  -1.  -1.  -1.]
  [ -1.  -1.  -1. ...  -1.  -1.  -1.]]]
[[[ -1.  -1.  -1. ...  -1.  -1.  -1.]
  [ -1.  -1.  -1. ...  -1.  -1.  -1.]
  [ -1.  -1.  -1. ...  -1.  -1.  -1.]
  ...
  [ -1.  -1.  -1. ...  -1.  -1.  -1.]
  [ -1.  -1.  -1. ...  -1.  -1.  -1.]
  [ -1.  -1.  -1. ...  -1.  -1.  -1.]]

 [[ -1.  -1.  -1. ...  -1.  -1.  -1.]
  [ -1.  -1.  -1. ...  -1.  -1.  -1.]
  [ -1.  -1.  -1. ...  -1.  -1.  -1.]
  ...
  [ -1.  -1.  -1. ...  -1.  -1.  -1.]
  [ -1.  -1.  -1. ...  -1.  -1.  -1.]
  [ -1.  -1.  -1. ...  -1.  -1.  -1.]]

 [[ -1.  -1.  -1. ...  -1.  -1.  -1.]
  [ -1.  -1.  -1. ...  -1.  -1.  -1.]
  [ -1.  -1.  -1. ...  -1.  -1.  -1.]
  ...
  [ -1.  -1.  -1. ...  -1.  -1.  -1.]
  [ -1.  -1.  -1. ...  -1.  -1.  -1.]
  [ -1.  -1.  -1. ...  -1.  -1.  -1.]]

 ...

 [[ -1.  -1.  -1. ...  -1.  -1.  -1.]
  [ -1.  -1.  -1. ...  -1.  -1.  -1.]
  [ -1.  -1.  -1. ...  -1.  -1.  -1.]
  ...
  [ -1.  -1.  -1. ...  -1.  -1.  -1.]
  [ -1.  -1.  -1. ...  -1.  -1.  -1.]
  [ -1.  -1.  -1. ...  -1.  -1.  -1.]]

 [[195.  -1.  -1. ...  -1.  -1.  -1.]
  [ -1.  -1.  -1. ...  -1.  -1.  -1.]
  [ -1.  -1.  -1. ...  -1.  -1.  -1.]
  ...
  [ -1.  -1.  -1. ...  -1.  -1.  -1.]
  [ -1.  -1.  -1. ...  -1.  -1.  -1.]
  [ -1.  -1.  -1. ...  -1.  -1.  -1.]]

 [[196.  -1.  -1. ...  -1.  -1.  -1.]
  [166. 159. 158. ...  -1.  -1.  -1.]
  [166. 167.  -1. ...  -1.  -1.  -1.]
  ...
  [ -1.  -1.  -1. ...  -1.  -1.  -1.]
  [ -1.  -1.  -1. ...  -1.  -1.  -1.]
  [ -1.  -1.  -1. ...  -1.  -1.  -1.]]]
[[[ -1.  -1.  -1. ...  -1.  -1.  -1.]
  [ -1.  -1.  -1. ...  -1.  -1.  -1.]
  [ -1.  -1.  -1. ...  -1.  -1.  -1.]
  ...
  [ -1.  -1.  -1. ...  -1.  -1.  -1.]
  [ -1.  -1.  -1. ...  -1.  -1.  -1.]
  [ -1.  -1.  -1. ...  -1.  -1.  -1.]]

 [[ -1.  -1.  -1. ...  -1.  -1.  -1.]
  [ -1.  -1.  -1. ...  -1.  -1.  -1.]
  [ -1.  -1.  -1. ...  -1.  -1.  -1.]
  ...
  [ -1.  -1.  -1. ...  -1.  -1.  -1.]
  [ -1.  -1.  -1. ...  -1.  -1.  -1.]
  [ -1.  -1.  -1. ...  -1.  -1.  -1.]]

 [[ -1.  -1.  -1. ...  -1.  -1.  -1.]
  [ -1.  -1.  -1. ...  -1.  -1.  -1.]
  [ -1.  -1.  -1. ...  -1.  -1.  -1.]
  ...
  [ -1.  -1.  -1. ...  -1.  -1.  -1.]
  [ -1.  -1.  -1. ...  -1.  -1.  -1.]
  [ -1.  -1.  -1. ...  -1.  -1.  -1.]]

 ...

 [[ -1.  -1.  -1. ...  -1.  -1.  -1.]
  [ -1.  -1.  -1. ...  -1.  -1.  -1.]
  [ -1.  -1.  -1. ...  -1.  -1.  -1.]
  ...
  [ -1.  -1.  -1. ...  -1.  -1.  -1.]
  [ -1.  -1.  -1. ...  -1.  -1.  -1.]
  [ -1.  -1.  -1. ...  -1.  -1.  -1.]]

 [[ -1.  -1.  -1. ...  -1.  -1.  -1.]
  [ -1.  -1.  -1. ...  -1.  -1.  -1.]
  [ -1.  -1.  -1. ...  -1.  -1.  -1.]
  ...
  [ -1.  -1.  -1. ...  -1.  -1.  -1.]
  [ -1.  -1.  -1. ...  -1.  -1.  -1.]
  [ -1.  -1.  -1. ...  -1.  -1.  -1.]]

 [[198.  -1.  -1. ...  -1.  -1.  -1.]
  [195. 166. 159. ...  -1.  -1.  -1.]
  [195. 166. 167. ...  -1.  -1.  -1.]
  ...
  [ -1.  -1.  -1. ...  -1.  -1.  -1.]
  [ -1.  -1.  -1. ...  -1.  -1.  -1.]
  [ -1.  -1.  -1. ...  -1.  -1.  -1.]]]
[[[-1. -1. -1. ... -1. -1. -1.]
  [-1. -1. -1. ... -1. -1. -1.]
  [-1. -1. -1. ... -1. -1. -1.]
  ...
  [-1. -1. -1. ... -1. -1. -1.]
  [-1. -1. -1. ... -1. -1. -1.]
  [-1. -1. -1. ... -1. -1. -1.]]

 [[-1. -1. -1. ... -1. -1. -1.]
  [-1. -1. -1. ... -1. -1. -1.]
  [-1. -1. -1. ... -1. -1. -1.]
  ...
  [-1. -1. -1. ... -1. -1. -1.]
  [-1. -1. -1. ... -1. -1. -1.]
  [-1. -1. -1. ... -1. -1. -1.]]

 [[-1. -1. -1. ... -1. -1. -1.]
  [-1. -1. -1. ... -1. -1. -1.]
  [-1. -1. -1. ... -1. -1. -1.]
  ...
  [-1. -1. -1. ... -1. -1. -1.]
  [-1. -1. -1. ... -1. -1. -1.]
  [-1. -1. -1. ... -1. -1. -1.]]

 ...

 [[-1. -1. -1. ... -1. -1. -1.]
  [-1. -1. -1. ... -1. -1. -1.]
  [-1. -1. -1. ... -1. -1. -1.]
  ...
  [-1. -1. -1. ... -1. -1. -1.]
  [-1. -1. -1. ... -1. -1. -1.]
  [-1. -1. -1. ... -1. -1. -1.]]

 [[-1. -1. -1. ... -1. -1. -1.]
  [-1. -1. -1. ... -1. -1. -1.]
  [-1. -1. -1. ... -1. -1. -1.]
  ...
  [-1. -1. -1. ... -1. -1. -1.]
  [-1. -1. -1. ... -1. -1. -1.]
  [-1. -1. -1. ... -1. -1. -1.]]

 [[-1. -1. -1. ... -1. -1. -1.]
  [-1. -1. -1. ... -1. -1. -1.]
  [-1. -1. -1. ... -1. -1. -1.]
  ...
  [-1. -1. -1. ... -1. -1. -1.]
  [-1. -1. -1. ... -1. -1. -1.]
  [-1. -1. -1. ... -1. -1. -1.]]]
